6.63 1
7.14 1
7.27 1
7.3 1
7.34 1
7.49 1
7.5 1
7.69 1
7.7 1
7.71 2
7.72 1
7.76 1
7.77 1
7.83 1
7.86 1
7.87 1
7.89 1
7.9 2
7.91 1
7.92 1
7.94 2
7.97 1
8 1
8.06 2
8.09 2
8.1 1
8.11 1
8.12 1
8.13 1
8.16 1
8.22 1
8.23 1
8.24 1
8.28 2
8.29 3
8.31 2
8.32 1
8.34 2
8.35 1
8.36 3
8.38 3
8.39 3
8.4 3
8.41 1
8.42 2
8.43 3
8.44 1
8.45 2
8.46 3
8.47 2
8.48 3
8.49 3
8.5 1
8.52 2
8.53 3
8.54 3
8.55 2
8.56 4
8.57 2
8.58 3
8.59 3
8.6 1
8.61 3
8.62 2
8.63 5
8.64 1
8.65 1
8.66 5
8.67 3
8.68 6
8.69 2
8.7 6
8.71 3
8.72 3
8.73 5
8.74 2
8.75 2
8.76 3
8.77 3
8.78 4
8.79 3
8.8 2
8.81 3
8.82 2
8.83 3
8.84 2
8.85 2
8.86 6
8.87 7
8.88 2
8.89 6
8.9 10
8.91 2
8.92 12
8.93 8
8.94 5
8.95 4
8.96 2
8.97 7
8.98 4
8.99 5
9 11
9.01 9
9.02 5
9.03 8
9.04 2
9.05 6
9.06 8
9.07 10
9.08 8
9.09 9
9.1 7
9.11 7
9.12 11
9.13 14
9.14 10
9.15 8
9.16 6
9.17 12
9.18 12
9.19 11
9.2 10
9.21 10
9.22 9
9.23 7
9.24 15
9.25 17
9.26 16
9.27 11
9.28 13
9.29 11
9.3 20
9.31 15
9.32 18
9.33 17
9.34 13
9.35 15
9.36 15
9.37 12
9.38 29
9.39 15
9.4 16
9.41 18
9.42 22
9.43 24
9.44 16
9.45 15
9.46 22
9.47 21
9.48 21
9.49 31
9.5 28
9.51 26
9.52 25
9.53 25
9.54 37
9.55 28
9.56 31
9.57 23
9.58 41
9.59 36
9.6 39
9.61 43
9.62 49
9.63 27
9.64 50
9.65 44
9.66 53
9.67 53
9.68 40
9.69 57
9.7 59
9.71 48
9.72 64
9.73 54
9.74 62
9.75 49
9.76 52
9.77 68
9.78 79
9.79 71
9.8 66
9.81 75
9.82 65
9.83 88
9.84 66
9.85 65
9.86 88
9.87 89
9.88 86
9.89 104
9.9 138
9.91 103
9.92 118
9.93 118
9.94 120
9.95 123
9.96 130
9.97 151
9.98 154
9.99 150
10 163
10.01 169
10.02 191
10.03 186
10.04 211
10.05 200
10.06 227
10.07 231
10.08 244
10.09 258
10.1 254
10.11 279
6.63 1
6.72 1
7.14 1
7.36 1
7.45 1
7.46 1
7.49 1
7.66 1
7.68 1
7.72 1
7.73 1
7.76 1
7.79 1
7.8 1
7.87 1
7.88 1
7.92 1
7.96 1
7.98 1
7.99 2
8 2
8.01 1
8.04 1
8.07 1
8.08 2
8.09 3
8.1 2
8.14 1
8.15 3
8.2 3
8.21 1
8.23 2
8.24 1
8.25 1
8.27 4
8.28 2
8.31 2
8.32 1
8.33 1
8.35 2
8.37 3
8.39 1
8.4 3
8.41 1
8.42 3
8.43 3
8.44 4
8.45 1
8.46 2
8.49 1
8.5 3
8.51 4
8.54 2
8.56 2
8.57 4
8.58 1
8.59 3
8.6 1
8.61 2
8.62 2
8.63 2
8.64 2
8.65 3
8.66 4
8.67 5
8.68 4
8.69 4
8.7 2
8.71 9
8.72 5
8.73 3
8.74 6
8.75 4
8.76 6
8.77 5
8.78 4
8.79 7
8.8 3
8.81 7
8.82 5
8.83 2
8.84 3
8.85 2
8.86 1
8.87 7
8.88 12
8.89 5
8.9 5
8.91 4
8.92 7
8.93 2
8.94 7
8.95 9
8.96 7
8.97 5
8.98 8
8.99 6
9 5
9.01 3
9.02 3
9.03 6
9.04 13
9.05 12
9.06 12
9.07 13
9.08 4
9.09 11
9.1 7
9.11 4
9.12 17
9.13 9
9.14 8
9.15 9
9.16 10
9.17 12
9.18 6
9.19 16
9.2 10
9.21 15
9.22 11
9.23 18
9.24 12
9.25 18
9.26 18
9.27 13
9.28 11
9.29 12
9.3 14
9.31 17
9.32 15
9.33 17
9.34 19
9.35 15
9.36 17
9.37 21
9.38 18
9.39 19
9.4 22
9.41 28
9.42 24
9.43 22
9.44 22
9.45 21
9.46 17
9.47 18
9.48 30
9.49 20
9.5 27
9.51 30
9.52 26
9.53 28
9.54 26
9.55 27
9.56 31
9.57 33
9.58 30
9.59 42
9.6 40
9.61 27
9.62 34
9.63 35
9.64 38
9.65 40
9.66 43
9.67 47
9.68 47
9.69 44
9.7 41
9.71 49
9.72 41
9.73 65
9.74 46
9.75 60
9.76 57
9.77 68
9.78 66
9.79 76
9.8 81
9.81 77
9.82 58
9.83 69
9.84 59
9.85 88
9.86 88
9.87 98
9.88 88
9.89 94
9.9 106
9.91 120
9.92 132
9.93 116
9.94 116
9.95 137
9.96 139
9.97 152
9.98 149
9.99 159
10 173
10.01 179
10.02 188
10.03 192
10.04 165
10.05 220
10.06 218
10.07 272
10.08 270
10.09 251
10.1 238
10.11 245
6.8 1
7.11 1
7.34 1
7.37 1
7.4 1
7.46 1
7.51 1
7.59 1
7.66 1
7.68 1
7.69 1
7.71 1
7.72 1
7.76 1
7.79 2
7.8 1
7.81 1
7.82 1
7.84 1
7.92 2
7.93 1
7.94 1
7.97 1
8 1
8.02 1
8.03 1
8.08 1
8.09 1
8.1 1
8.13 1
8.14 1
8.16 1
8.18 2
8.2 1
8.21 1
8.23 1
8.25 4
8.27 1
8.28 1
8.29 1
8.3 1
8.33 1
8.34 3
8.35 2
8.36 2
8.37 2
8.4 1
8.41 4
8.42 1
8.43 2
8.44 1
8.45 1
8.46 2
8.47 2
8.48 4
8.49 1
8.5 3
8.52 1
8.53 1
8.54 3
8.55 3
8.57 4
8.58 3
8.59 4
8.6 2
8.61 6
8.62 4
8.63 1
8.64 7
8.65 1
8.66 1
8.67 2
8.68 4
8.69 2
8.7 5
8.71 5
8.72 4
8.73 5
8.74 2
8.75 4
8.76 3
8.77 2
8.78 3
8.79 5
8.8 6
8.81 1
8.82 5
8.83 5
8.84 5
8.85 6
8.86 5
8.87 5
8.88 11
8.89 8
8.9 5
8.91 5
8.92 5
8.93 8
8.94 10
8.95 4
8.96 6
8.97 7
8.98 5
8.99 7
9 7
9.01 4
9.02 7
9.03 6
9.04 4
9.05 10
9.06 8
9.07 12
9.08 5
9.09 11
9.1 9
9.11 7
9.12 7
9.13 9
9.14 12
9.15 7
9.16 11
9.17 9
9.18 9
9.19 8
9.2 11
9.21 18
9.22 11
9.23 14
9.24 12
9.25 16
9.26 20
9.27 12
9.28 14
9.29 11
9.3 10
9.31 10
9.32 18
9.33 19
9.34 17
9.35 12
9.36 14
9.37 19
9.38 15
9.39 21
9.4 23
9.41 28
9.42 23
9.43 20
9.44 23
9.45 26
9.46 22
9.47 29
9.48 29
9.49 29
9.5 18
9.51 32
9.52 28
9.53 28
9.54 27
9.55 19
9.56 33
9.57 41
9.58 32
9.59 25
9.6 42
9.61 41
9.62 43
9.63 33
9.64 39
9.65 55
9.66 44
9.67 50
9.68 37
9.69 50
9.7 48
9.71 45
9.72 56
9.73 57
9.74 58
9.75 57
9.76 74
9.77 65
9.78 54
9.79 62
9.8 55
9.81 80
9.82 74
9.83 90
9.84 81
9.85 81
9.86 86
9.87 86
9.88 91
9.89 120
9.9 90
9.91 124
9.92 150
9.93 111
9.94 131
9.95 124
9.96 134
9.97 149
9.98 139
9.99 148
10 165
10.01 192
10.02 171
10.03 192
10.04 171
10.05 204
10.06 252
10.07 223
10.08 238
10.09 240
10.1 260
10.11 262
6.77 1
6.91 1
6.93 1
7.01 1
7.13 1
7.14 1
7.22 1
7.27 1
7.31 1
7.32 1
7.34 1
7.35 1
7.42 1
7.47 2
7.54 1
7.56 1
7.61 1
7.67 1
7.68 1
7.76 1
7.78 2
7.82 1
7.83 1
7.84 1
7.87 2
7.88 1
7.91 1
7.92 1
7.95 1
7.96 2
8.01 1
8.02 2
8.03 1
8.04 1
8.08 1
8.09 1
8.11 1
8.12 3
8.13 2
8.14 3
8.16 1
8.2 3
8.21 1
8.23 1
8.24 3
8.25 1
8.26 1
8.28 1
8.3 2
8.31 1
8.32 1
8.33 2
8.36 1
8.37 1
8.38 1
8.42 2
8.43 1
8.44 1
8.45 1
8.46 4
8.47 2
8.48 3
8.49 2
8.5 2
8.51 3
8.53 1
8.54 4
8.55 3
8.56 4
8.57 2
8.58 2
8.59 4
8.61 3
8.62 3
8.63 1
8.64 2
8.66 2
8.67 2
8.68 2
8.69 4
8.7 3
8.71 2
8.72 2
8.73 3
8.74 4
8.76 2
8.77 2
8.78 3
8.79 5
8.8 1
8.81 2
8.82 3
8.83 4
8.84 6
8.85 6
8.86 1
8.87 8
8.88 5
8.89 1
8.9 2
8.91 3
8.92 8
8.93 8
8.94 7
8.95 3
8.96 1
8.97 1
8.98 4
8.99 7
9 5
9.01 11
9.02 8
9.03 11
9.04 4
9.05 6
9.06 5
9.07 7
9.08 6
9.09 6
9.1 11
9.11 11
9.12 10
9.13 8
9.14 4
9.15 12
9.16 4
9.17 13
9.18 11
9.19 8
9.2 14
9.21 12
9.22 8
9.23 9
9.24 11
9.25 12
9.26 22
9.27 9
9.28 18
9.29 16
9.3 12
9.31 10
9.32 23
9.33 12
9.34 11
9.35 16
9.36 21
9.37 21
9.38 12
9.39 25
9.4 20
9.41 27
9.42 16
9.43 25
9.44 20
9.45 16
9.46 20
9.47 23
9.48 20
9.49 20
9.5 35
9.51 22
9.52 31
9.53 30
9.54 29
9.55 33
9.56 39
9.57 32
9.58 35
9.59 37
9.6 39
9.61 39
9.62 46
9.63 32
9.64 49
9.65 45
9.66 45
9.67 38
9.68 47
9.69 48
9.7 41
9.71 44
9.72 57
9.73 48
9.74 55
9.75 67
9.76 58
9.77 63
9.78 69
9.79 73
9.8 69
9.81 68
9.82 85
9.83 90
9.84 76
9.85 97
9.86 81
9.87 84
9.88 102
9.89 96
9.9 101
9.91 105
9.92 112
9.93 133
9.94 138
9.95 121
9.96 128
9.97 181
9.98 155
9.99 167
10 168
10.01 172
10.02 172
10.03 185
10.04 212
10.05 201
10.06 212
10.07 255
10.08 245
10.09 244
10.1 246
10.11 273
6.64 1
6.91 1
7.01 1
7.06 1
7.38 1
7.45 1
7.48 1
7.52 1
7.53 1
7.56 1
7.62 2
7.65 1
7.78 1
7.83 1
7.86 1
7.87 1
7.89 1
7.94 2
7.97 3
7.99 1
8 1
8.02 1
8.04 1
8.06 1
8.09 2
8.11 1
8.12 1
8.13 2
8.14 1
8.17 1
8.18 1
8.19 1
8.22 2
8.23 2
8.25 2
8.26 2
8.28 1
8.29 1
8.3 2
8.31 1
8.32 1
8.33 1
8.35 2
8.37 2
8.38 1
8.39 1
8.4 2
8.41 2
8.42 2
8.45 2
8.46 2
8.47 2
8.48 1
8.49 1
8.5 2
8.51 6
8.52 2
8.53 5
8.54 1
8.55 2
8.56 3
8.57 1
8.58 1
8.59 5
8.6 3
8.61 4
8.62 3
8.63 2
8.64 3
8.65 4
8.66 7
8.67 2
8.68 1
8.69 4
8.7 3
8.71 8
8.73 3
8.74 3
8.75 2
8.76 3
8.77 6
8.78 5
8.8 2
8.81 7
8.82 8
8.83 3
8.84 6
8.85 6
8.86 10
8.87 3
8.88 6
8.89 8
8.9 7
8.91 8
8.92 3
8.93 8
8.94 5
8.95 9
8.96 5
8.97 2
8.98 8
8.99 8
9 6
9.01 10
9.02 4
9.03 8
9.04 7
9.05 7
9.06 9
9.07 7
9.08 5
9.09 7
9.1 12
9.11 13
9.12 7
9.13 11
9.14 18
9.15 7
9.16 13
9.17 11
9.18 5
9.19 11
9.2 15
9.21 11
9.22 12
9.23 10
9.24 12
9.25 12
9.26 13
9.27 13
9.28 8
9.29 11
9.3 17
9.31 8
9.32 17
9.33 15
9.34 14
9.35 10
9.36 16
9.37 22
9.38 18
9.39 20
9.4 17
9.41 24
9.42 20
9.43 24
9.44 12
9.45 26
9.46 29
9.47 24
9.48 18
9.49 21
9.5 26
9.51 32
9.52 21
9.53 29
9.54 34
9.55 25
9.56 37
9.57 38
9.58 41
9.59 41
9.6 23
9.61 37
9.62 42
9.63 43
9.64 35
9.65 34
9.66 40
9.67 44
9.68 40
9.69 46
9.7 41
9.71 64
9.72 62
9.73 57
9.74 57
9.75 70
9.76 74
9.77 59
9.78 64
9.79 71
9.8 67
9.81 81
9.82 86
9.83 81
9.84 84
9.85 97
9.86 100
9.87 91
9.88 118
9.89 96
9.9 113
9.91 123
9.92 107
9.93 126
9.94 123
9.95 132
9.96 153
9.97 169
9.98 133
9.99 151
10 176
10.01 175
10.02 185
10.03 152
10.04 203
10.05 186
10.06 215
10.07 237
10.08 238
10.09 221
10.1 269
10.11 229
6.81 1
7.05 1
7.19 1
7.2 1
7.28 1
7.37 1
7.45 1
7.46 1
7.52 1
7.53 1
7.68 1
7.69 1
7.75 1
7.76 1
7.77 1
7.78 1
7.82 1
7.84 1
7.91 2
7.92 1
7.93 1
7.97 2
7.98 1
7.99 1
8 2
8.04 1
8.05 1
8.06 2
8.08 2
8.13 1
8.14 1
8.15 1
8.17 3
8.18 1
8.19 1
8.22 1
8.23 3
8.27 1
8.28 2
8.29 6
8.3 2
8.31 1
8.32 3
8.33 1
8.34 2
8.35 3
8.36 3
8.37 1
8.38 3
8.4 1
8.41 1
8.42 3
8.43 1
8.44 3
8.45 2
8.46 1
8.47 5
8.48 1
8.49 1
8.5 2
8.52 1
8.53 2
8.54 1
8.56 2
8.57 2
8.58 3
8.59 1
8.6 6
8.61 2
8.62 1
8.63 5
8.64 4
8.65 5
8.66 4
8.67 6
8.68 4
8.69 6
8.7 6
8.71 1
8.72 5
8.73 5
8.74 3
8.75 3
8.76 4
8.77 1
8.78 3
8.79 2
8.8 4
8.81 2
8.82 6
8.83 7
8.84 5
8.85 4
8.86 5
8.87 9
8.88 3
8.89 6
8.9 8
8.91 6
8.92 9
8.93 5
8.94 7
8.95 6
8.96 3
8.97 8
8.98 14
8.99 11
9 6
9.01 8
9.02 7
9.03 7
9.04 8
9.05 9
9.06 4
9.07 9
9.08 9
9.09 9
9.1 9
9.11 9
9.12 10
9.13 11
9.14 13
9.15 4
9.16 4
9.17 14
9.18 9
9.19 13
9.2 9
9.21 11
9.22 18
9.23 19
9.24 20
9.25 12
9.26 12
9.27 15
9.28 18
9.29 11
9.3 22
9.31 20
9.32 24
9.33 9
9.34 16
9.35 12
9.36 15
9.37 11
9.38 22
9.39 18
9.4 20
9.41 19
9.42 23
9.43 35
9.44 20
9.45 26
9.46 26
9.47 24
9.48 32
9.49 26
9.5 23
9.51 26
9.52 13
9.53 32
9.54 32
9.55 26
9.56 30
9.57 34
9.58 29
9.59 38
9.6 33
9.61 49
9.62 24
9.63 33
9.64 38
9.65 29
9.66 29
9.67 41
9.68 42
9.69 31
9.7 44
9.71 50
9.72 59
9.73 67
9.74 59
9.75 64
9.76 66
9.77 69
9.78 59
9.79 66
9.8 73
9.81 54
9.82 77
9.83 96
9.84 78
9.85 79
9.86 77
9.87 99
9.88 100
9.89 97
9.9 106
9.91 104
9.92 100
9.93 137
9.94 122
9.95 133
9.96 136
9.97 160
9.98 155
9.99 143
10 166
10.01 193
10.02 194
10.03 192
10.04 193
10.05 205
10.06 185
10.07 232
10.08 258
10.09 250
10.1 280
10.11 243
6.66 1
6.77 1
7.21 1
7.26 1
7.35 1
7.43 1
7.63 1
7.67 2
7.71 1
7.75 1
7.78 2
7.81 1
7.82 2
7.83 1
7.84 2
7.85 1
7.9 2
7.93 1
7.94 1
7.96 1
7.99 1
8 2
8.01 1
8.02 1
8.03 2
8.05 2
8.06 1
8.08 1
8.09 2
8.1 1
8.11 2
8.12 1
8.15 1
8.16 1
8.18 1
8.19 3
8.2 2
8.21 1
8.22 1
8.23 2
8.24 1
8.27 1
8.29 1
8.3 4
8.31 1
8.34 3
8.35 2
8.36 4
8.37 1
8.38 3
8.39 1
8.4 4
8.41 2
8.42 1
8.43 3
8.44 2
8.45 3
8.46 2
8.47 3
8.48 6
8.49 1
8.5 3
8.51 1
8.52 2
8.53 2
8.54 4
8.55 2
8.56 2
8.57 2
8.58 3
8.59 1
8.6 4
8.61 1
8.62 6
8.63 2
8.64 4
8.65 4
8.66 2
8.67 2
8.68 1
8.69 2
8.7 5
8.71 2
8.72 4
8.73 1
8.74 4
8.75 4
8.76 5
8.77 4
8.78 5
8.79 8
8.8 8
8.81 5
8.82 4
8.83 2
8.84 5
8.85 3
8.86 3
8.87 1
8.88 2
8.89 6
8.9 5
8.91 7
8.92 5
8.93 11
8.94 2
8.96 7
8.97 6
8.98 7
8.99 11
9 8
9.01 17
9.02 14
9.03 5
9.04 12
9.05 9
9.06 6
9.07 9
9.08 12
9.09 10
9.1 6
9.11 5
9.12 9
9.13 10
9.14 8
9.15 10
9.16 7
9.17 12
9.18 12
9.19 9
9.2 11
9.21 9
9.22 8
9.23 14
9.24 12
9.25 12
9.26 9
9.27 10
9.28 14
9.29 14
9.3 17
9.31 16
9.32 22
9.33 12
9.34 23
9.35 19
9.36 14
9.37 15
9.38 19
9.39 14
9.4 15
9.41 25
9.42 17
9.43 27
9.44 26
9.45 21
9.46 21
9.47 22
9.48 24
9.49 28
9.5 27
9.51 21
9.52 36
9.53 34
9.54 23
9.55 32
9.56 36
9.57 34
9.58 29
9.59 26
9.6 32
9.61 30
9.62 33
9.63 50
9.64 42
9.65 47
9.66 46
9.67 40
9.68 35
9.69 43
9.7 50
9.71 57
9.72 58
9.73 52
9.74 58
9.75 50
9.76 62
9.77 53
9.78 55
9.79 65
9.8 82
9.81 83
9.82 69
9.83 103
9.84 80
9.85 90
9.86 85
9.87 100
9.88 106
9.89 97
9.9 99
9.91 107
9.92 127
9.93 131
9.94 136
9.95 134
9.96 127
9.97 160
9.98 164
9.99 150
10 178
10.01 179
10.02 151
10.03 172
10.04 183
10.05 215
10.06 201
10.07 227
10.08 253
10.09 234
10.1 259
10.11 267
6.72 1
7.12 1
7.4 1
7.47 1
7.5 1
7.56 1
7.61 2
7.63 1
7.64 1
7.65 1
7.71 1
7.75 2
7.79 1
7.81 1
7.85 1
7.87 2
7.88 1
7.9 1
7.92 1
7.94 1
7.96 1
7.99 1
8 1
8.03 1
8.05 2
8.07 1
8.09 1
8.1 1
8.11 1
8.12 2
8.13 1
8.14 2
8.15 1
8.17 1
8.18 1
8.2 1
8.21 1
8.25 1
8.26 1
8.27 1
8.28 1
8.29 1
8.3 1
8.31 1
8.33 2
8.34 2
8.35 1
8.36 1
8.37 1
8.38 1
8.39 3
8.4 4
8.41 1
8.42 1
8.44 1
8.45 1
8.46 2
8.47 1
8.48 1
8.51 3
8.52 3
8.53 1
8.54 1
8.55 1
8.56 4
8.57 4
8.58 5
8.6 2
8.61 5
8.62 4
8.63 3
8.64 5
8.65 4
8.66 8
8.67 2
8.68 6
8.69 1
8.7 5
8.71 1
8.72 1
8.73 3
8.74 1
8.75 6
8.76 6
8.77 4
8.78 6
8.79 4
8.8 4
8.81 3
8.82 6
8.83 9
8.84 4
8.85 5
8.86 7
8.87 4
8.88 5
8.89 2
8.9 2
8.91 5
8.92 6
8.93 8
8.94 4
8.95 2
8.96 4
8.97 5
8.98 7
8.99 7
9 7
9.01 3
9.02 7
9.03 6
9.04 4
9.05 6
9.06 4
9.07 9
9.08 14
9.09 10
9.1 11
9.11 11
9.12 4
9.13 7
9.14 8
9.15 12
9.16 7
9.17 14
9.18 14
9.19 10
9.2 9
9.21 14
9.22 15
9.23 8
9.24 24
9.25 9
9.26 10
9.27 15
9.28 12
9.29 20
9.3 13
9.31 22
9.32 15
9.33 19
9.34 13
9.35 18
9.36 18
9.37 16
9.38 26
9.39 19
9.4 17
9.41 19
9.42 19
9.43 27
9.44 23
9.45 27
9.46 25
9.47 23
9.48 25
9.49 24
9.5 27
9.51 27
9.52 20
9.53 25
9.54 32
9.55 38
9.56 27
9.57 38
9.58 40
9.59 31
9.6 22
9.61 32
9.62 39
9.63 35
9.64 44
9.65 41
9.66 56
9.67 28
9.68 39
9.69 53
9.7 52
9.71 59
9.72 51
9.73 53
9.74 64
9.75 60
9.76 58
9.77 64
9.78 65
9.79 73
9.8 72
9.81 84
9.82 78
9.83 77
9.84 88
9.85 96
9.86 87
9.87 87
9.88 88
9.89 91
9.9 101
9.91 108
9.92 119
9.93 105
9.94 127
9.95 142
9.96 116
9.97 139
9.98 147
9.99 152
10 156
10.01 163
10.02 186
10.03 201
10.04 202
10.05 219
10.06 219
10.07 236
10.08 256
10.09 280
10.1 259
10.11 243
6.76 1
6.89 1
6.9 1
6.95 1
7.14 1
7.23 1
7.24 1
7.31 1
7.49 1
7.52 1
7.67 1
7.7 1
7.71 1
7.72 1
7.73 1
7.8 1
7.83 2
7.92 2
7.93 1
7.94 1
7.95 1
7.99 1
8 1
8.02 2
8.05 1
8.08 1
8.09 1
8.11 2
8.12 1
8.14 1
8.15 1
8.16 1
8.2 3
8.21 2
8.22 1
8.24 1
8.25 1
8.27 2
8.28 1
8.29 2
8.3 2
8.31 1
8.32 1
8.33 1
8.34 3
8.35 2
8.37 2
8.38 3
8.4 1
8.41 3
8.42 3
8.43 2
8.45 1
8.46 2
8.47 2
8.48 2
8.49 2
8.5 2
8.51 1
8.52 1
8.53 1
8.54 1
8.55 2
8.56 4
8.57 5
8.58 2
8.59 1
8.6 3
8.61 3
8.62 4
8.63 1
8.64 2
8.65 1
8.66 1
8.67 6
8.68 4
8.69 3
8.7 1
8.71 2
8.72 3
8.73 5
8.74 3
8.75 3
8.76 6
8.77 2
8.78 5
8.79 2
8.8 3
8.81 5
8.82 4
8.83 5
8.84 2
8.85 4
8.86 5
8.87 5
8.88 4
8.89 5
8.9 3
8.91 4
8.92 5
8.93 8
8.94 4
8.95 7
8.96 6
8.97 3
8.98 8
9 13
9.01 6
9.02 7
9.03 9
9.04 10
9.05 14
9.06 5
9.07 5
9.08 5
9.09 7
9.1 10
9.11 9
9.12 11
9.13 8
9.14 9
9.15 8
9.16 10
9.17 12
9.18 7
9.19 13
9.2 17
9.21 16
9.22 12
9.23 13
9.24 19
9.25 14
9.26 17
9.27 15
9.28 11
9.29 13
9.3 17
9.31 16
9.32 13
9.33 17
9.34 14
9.35 16
9.36 20
9.37 22
9.38 17
9.39 21
9.4 12
9.41 14
9.42 19
9.43 15
9.44 17
9.45 22
9.46 23
9.47 30
9.48 28
9.49 26
9.5 31
9.51 32
9.52 23
9.53 29
9.54 26
9.55 29
9.56 28
9.57 24
9.58 44
9.59 36
9.6 37
9.61 49
9.62 41
9.63 35
9.64 45
9.65 47
9.66 30
9.67 53
9.68 28
9.69 54
9.7 39
9.71 44
9.72 39
9.73 45
9.74 62
9.75 68
9.76 71
9.77 64
9.78 72
9.79 70
9.8 65
9.81 72
9.82 82
9.83 76
9.84 84
9.85 96
9.86 89
9.87 90
9.88 101
9.89 129
9.9 105
9.91 112
9.92 111
9.93 111
9.94 134
9.95 111
9.96 138
9.97 151
9.98 162
9.99 163
10 164
10.01 159
10.02 161
10.03 198
10.04 180
10.05 218
10.06 246
10.07 251
10.08 242
10.09 250
10.1 281
10.11 217
6.84 1
7.04 1
7.1 1
7.11 1
7.34 1
7.37 1
7.38 1
7.42 1
7.45 1
7.52 1
7.53 1
7.55 1
7.63 1
7.66 1
7.68 1
7.7 1
7.71 2
7.73 2
7.75 2
7.78 1
7.8 1
7.82 2
7.86 1
7.88 1
7.99 1
8.01 5
8.03 2
8.05 1
8.06 1
8.08 1
8.09 1
8.1 2
8.16 2
8.18 2
8.19 2
8.2 3
8.21 2
8.22 3
8.23 1
8.24 1
8.26 1
8.27 1
8.29 2
8.3 1
8.31 1
8.32 1
8.33 2
8.36 4
8.39 1
8.4 2
8.41 3
8.42 2
8.43 1
8.44 1
8.45 1
8.46 3
8.47 2
8.48 2
8.49 1
8.5 1
8.51 2
8.52 2
8.53 2
8.54 1
8.55 3
8.56 1
8.58 5
8.59 3
8.6 3
8.61 4
8.62 2
8.63 4
8.65 2
8.66 7
8.67 2
8.68 1
8.69 3
8.7 5
8.71 2
8.73 2
8.74 2
8.75 6
8.76 3
8.77 3
8.78 3
8.79 4
8.8 3
8.81 4
8.82 6
8.83 4
8.84 4
8.85 2
8.86 5
8.87 4
8.88 5
8.89 10
8.9 3
8.91 6
8.92 4
8.93 6
8.94 4
8.95 6
8.96 6
8.97 8
8.98 3
8.99 6
9 5
9.01 1
9.02 4
9.03 9
9.04 8
9.05 11
9.06 6
9.07 3
9.08 12
9.09 10
9.1 12
9.11 4
9.12 9
9.13 5
9.14 8
9.15 11
9.16 10
9.17 14
9.18 8
9.19 13
9.2 8
9.21 11
9.22 9
9.23 14
9.24 15
9.25 13
9.26 19
9.27 19
9.28 13
9.29 22
9.3 11
9.31 18
9.32 25
9.33 19
9.34 20
9.35 21
9.36 15
9.37 16
9.38 21
9.39 14
9.4 18
9.41 21
9.42 23
9.43 17
9.44 22
9.45 17
9.46 19
9.47 27
9.48 16
9.49 23
9.5 25
9.51 21
9.52 22
9.53 30
9.54 33
9.55 30
9.56 30
9.57 32
9.58 39
9.59 33
9.6 30
9.61 49
9.62 40
9.63 40
9.64 39
9.65 27
9.66 44
9.67 40
9.68 55
9.69 42
9.7 56
9.71 53
9.72 58
9.73 67
9.74 58
9.75 46
9.76 65
9.77 75
9.78 71
9.79 65
9.8 70
9.81 78
9.82 84
9.83 79
9.84 87
9.85 90
9.86 83
9.87 107
9.88 92
9.89 116
9.9 103
9.91 101
9.92 102
9.93 116
9.94 116
9.95 139
9.96 131
9.97 133
9.98 152
9.99 149
10 166
10.01 192
10.02 189
10.03 177
10.04 199
10.05 227
10.06 226
10.07 237
10.08 237
10.09 235
10.1 282
10.11 234
